A=[700.000000	0.034550 

699.500000	0.034590 

699.000000	0.034540 

698.500000	0.034550 

698.000000	0.034490 

697.500000	0.034500 

697.000000	0.034500 

696.500000	0.034440 

696.000000	0.034470 

695.500000	0.034430 

695.000000	0.034450 

694.500000	0.034490 

694.000000	0.034370 

693.500000	0.034400 

693.000000	0.034420 

692.500000	0.034460 

692.000000	0.034390 

691.500000	0.034360 

691.000000	0.034380 

690.500000	0.034430 

690.000000	0.034420 

689.500000	0.034420 

689.000000	0.034380 

688.500000	0.034420 

688.000000	0.034320 

687.500000	0.034440 

687.000000	0.034380 

686.500000	0.034380 

686.000000	0.034420 

685.500000	0.034330 

685.000000	0.034410 

684.500000	0.034410 

684.000000	0.034390 

683.500000	0.034340 

683.000000	0.034320 

682.500000	0.034450 

682.000000	0.034340 

681.500000	0.034360 

681.000000	0.034340 

680.500000	0.034420 

680.000000	0.034430 

679.500000	0.034510 

679.000000	0.034510 

678.500000	0.034430 

678.000000	0.034380 

677.500000	0.034430 

677.000000	0.034550 

676.500000	0.034530 

676.000000	0.034610 

675.500000	0.034600 

675.000000	0.034570 

674.500000	0.034540 

674.000000	0.034680 

673.500000	0.034640 

673.000000	0.034700 

672.500000	0.034760 

672.000000	0.034810 

671.500000	0.034750 

671.000000	0.034740 

670.500000	0.034800 

670.000000	0.034790 

669.500000	0.034830 

669.000000	0.034860 

668.500000	0.034820 

668.000000	0.034970 

667.500000	0.034880 

667.000000	0.035000 

666.500000	0.035050 

666.000000	0.035010 

665.500000	0.035180 

665.000000	0.035150 

664.500000	0.035180 

664.000000	0.035280 

663.500000	0.035370 

663.000000	0.035260 

662.500000	0.035490 

662.000000	0.035540 

661.500000	0.035490 

661.000000	0.035600 

660.500000	0.035720 

660.000000	0.035830 

659.500000	0.035850 

659.000000	0.036020 

658.500000	0.036080 

658.000000	0.036230 

657.500000	0.036310 

657.000000	0.036420 

656.500000	0.036580 

656.000000	0.036800 

655.500000	0.036950 

655.000000	0.037050 

654.500000	0.037240 

654.000000	0.037500 

653.500000	0.037780 

653.000000	0.037960 

652.500000	0.038270 

652.000000	0.038660 

651.500000	0.038950 

651.000000	0.039190 

650.500000	0.039710 

650.000000	0.040210 

649.500000	0.040570 

649.000000	0.041050 

648.500000	0.041540 

648.000000	0.042170 

647.500000	0.042750 

647.000000	0.043410 

646.500000	0.044130 

646.000000	0.044800 

645.500000	0.045720 

645.000000	0.046560 

644.500000	0.047510 

644.000000	0.048580 

643.500000	0.049600 

643.000000	0.050800 

642.500000	0.051890 

642.000000	0.053390 

641.500000	0.054590 

641.000000	0.055900 

640.500000	0.057380 

640.000000	0.058880 

639.500000	0.060330 

639.000000	0.061920 

638.500000	0.063460 

638.000000	0.065019 

637.500000	0.066550 

637.000000	0.068140 

636.500000	0.069680 

636.000000	0.071240 

635.500000	0.072670 

635.000000	0.074110 

634.500000	0.075420 

634.000000	0.076580 

633.500000	0.077750 

633.000000	0.078650 

632.500000	0.079540 

632.000000	0.080300 

631.500000	0.080720 

631.000000	0.081190 

630.500000	0.081370 

630.000000	0.081390 

629.500000	0.081240 

629.000000	0.080890 

628.500000	0.080490 

628.000000	0.079920 

627.500000	0.079120 

627.000000	0.078320 

626.500000	0.077320 

626.000000	0.076300 

625.500000	0.075030 

625.000000	0.073890 

624.500000	0.072660 

624.000000	0.071360 

623.500000	0.069970 

623.000000	0.068640 

622.500000	0.067349 

622.000000	0.066000 

621.500000	0.064850 

621.000000	0.063670 

620.500000	0.062580 

620.000000	0.061590 

619.500000	0.060560 

619.000000	0.059640 

618.500000	0.058810 

618.000000	0.058050 

617.500000	0.057470 

617.000000	0.056750 

616.500000	0.056150 

616.000000	0.055650 

615.500000	0.055130 

615.000000	0.054700 

614.500000	0.054270 

614.000000	0.053840 

613.500000	0.053490 

613.000000	0.053220 

612.500000	0.052900 

612.000000	0.052550 

611.500000	0.052310 

611.000000	0.052060 

610.500000	0.051700 

610.000000	0.051460 

609.500000	0.051250 

609.000000	0.051010 

608.500000	0.050630 

608.000000	0.050480 

607.500000	0.050170 

607.000000	0.049950 

606.500000	0.049660 

606.000000	0.049370 

605.500000	0.049150 

605.000000	0.048890 

604.500000	0.048630 

604.000000	0.048310 

603.500000	0.048030 

603.000000	0.047730 

602.500000	0.047540 

602.000000	0.047290 

601.500000	0.046990 

601.000000	0.046740 

600.500000	0.046510 

600.000000	0.046220 

599.500000	0.046110 

599.000000	0.045750 

598.500000	0.045680 

598.000000	0.045460 

597.500000	0.045300 

597.000000	0.045220 

596.500000	0.045060 

596.000000	0.044940 

595.500000	0.044750 

595.000000	0.044840 

594.500000	0.044780 

594.000000	0.044640 

593.500000	0.044750 

593.000000	0.044710 

592.500000	0.044830 

592.000000	0.044840 

591.500000	0.044970 

591.000000	0.045070 

590.500000	0.045110 

590.000000	0.045180 

589.500000	0.045500 

589.000000	0.045640 

588.500000	0.045850 

588.000000	0.046100 

587.500000	0.046250 

587.000000	0.046600 

586.500000	0.046720 

586.000000	0.047090 

585.500000	0.047330 

585.000000	0.047670 

584.500000	0.047900 

584.000000	0.048190 

583.500000	0.048460 

583.000000	0.048760 

582.500000	0.048940 

582.000000	0.049220 

581.500000	0.049490 

581.000000	0.049660 

580.500000	0.049890 

580.000000	0.050090 

579.500000	0.050270 

579.000000	0.050370 

578.500000	0.050430 

578.000000	0.050530 

577.500000	0.050550 

577.000000	0.050660 

576.500000	0.050610 

576.000000	0.050560 

575.500000	0.050510 

575.000000	0.050510 

574.500000	0.050420 

574.000000	0.050230 

573.500000	0.050130 

573.000000	0.049960 

572.500000	0.049780 

572.000000	0.049410 

571.500000	0.049300 

571.000000	0.049140 

570.500000	0.048810 

570.000000	0.048710 

569.500000	0.048350 

569.000000	0.048110 

568.500000	0.047990 

568.000000	0.047690 

567.500000	0.047470 

567.000000	0.047160 

566.500000	0.046940 

566.000000	0.046700 

565.500000	0.046510 

565.000000	0.046370 

564.500000	0.046060 

564.000000	0.046010 

563.500000	0.045700 

563.000000	0.045590 

562.500000	0.045440 

562.000000	0.045200 

561.500000	0.045150 

561.000000	0.044970 

560.500000	0.044780 

560.000000	0.044610 ];

x=A(:,1);

y=A(:,2);